# Created by Octave 4.0.0, Fri Apr 29 15:44:19 2016 EDT <josh@josh-ThinkPad-Edge-E545>
# name: M
# type: matrix
# rows: 1
# columns: 8
 0 100 150 200 250 300 350 400


# name: T
# type: matrix
# rows: 1
# columns: 8
 0 0.6446 0.8972 1.1278 1.304 1.6786 1.8856 2.1916


# name: ans
# type: matrix
# rows: 1
# columns: 8
 0 0.06422958819734095 0.07577651351177356 0.0849583427333655 0.09135425551116926 0.1036486372317552 0.10985372092014 0.1184324279916611


# name: err
# type: matrix
# rows: 1
# columns: 8
 0 0.06422958819734095 0.07577651351177356 0.0849583427333655 0.09135425551116926 0.1036486372317552 0.10985372092014 0.1184324279916611

 
 

